runfile('C:/Users/asuri/Desktop/CourseWorks/Robotics_Course2_Week3_Assignment/IKinBodyIterates.py', wdir='C:/Users/asuri/Desktop/CourseWorks/Robotics_Course2_Week3_Assignment')
Iteration 0:

joint vector: [-3.    1.    4.   -2.5   0.72  1.72] 

SE(3) end-effector config: [[-0.51109564  0.58570649  0.62907007 -0.21416155]
 [ 0.02615391  0.74214063 -0.66973372 -0.20290108]
 [-0.85912584 -0.32584535 -0.39462336  0.15102268]
 [ 0.          0.          0.          1.        ]] 

error twist V_b: [ 0.80893641 -0.24823468  0.49374763  0.15247877 -0.12670738 -0.38911858] 

angular error magnitude ||omega_b||: 0.9796863254099529 

linear error magnitude ||v_b||: 0.4367124968410602 


Iteration 1 :

joint vector: [-3.95121101  0.92190225  4.44584326 -2.02876529  0.64520743  1.20762742] 

SE(3) end-effector config: [[-0.22019864  0.96022018 -0.17172583 -0.44779368]
 [-0.07857413 -0.19293507 -0.97806041  0.2170236 ]
 [-0.97228528 -0.20187437  0.1179325   0.16399556]
 [ 0.          0.          0.          1.        ]] 

error twist V_b: [-0.18509777  0.09974456  0.21423951  0.07481898 -0.03406137  0.11792694] 

angular error magnitude ||omega_b||: 0.3001811646967657 

linear error magnitude ||v_b||: 0.14375263472177585 


Iteration 2 :

joint vector: [-3.68654056  0.97343362  4.52554389 -2.35542388  0.52326813  1.54679464] 

SE(3) end-effector config: [[-2.23172483e-02  9.99515866e-01 -2.16789041e-02 -5.00180555e-01]
 [-4.95987092e-04 -2.16953713e-02 -9.99764505e-01  9.26765304e-02]
 [-9.99750816e-01 -2.23012403e-02  9.79927957e-04  1.09536587e-01]
 [ 0.00000000e+00  0.00000000e+00  0.00000000e+00  1.00000000e+00]] 

error twist V_b: [-0.02169064  0.00073808  0.02231285  0.00953177  0.00020749 -0.00732904] 

angular error magnitude ||omega_b||: 0.031127026531347544 

linear error magnitude ||v_b||: 0.012025495918289868 


Iteration 3 :

joint vector: [-3.69708701  0.98212125  4.54339441 -2.38451617  0.55548124  1.5713302 ] 

SE(3) end-effector config: [[ 2.98988473e-05  9.99999999e-01 -1.32004705e-05 -4.99885422e-01]
 [ 3.12805208e-04 -1.32098224e-05 -9.99999951e-01  9.99838201e-02]
 [-9.99999951e-01  2.98947167e-05 -3.12805603e-04  9.99059090e-02]
 [ 0.00000000e+00  0.00000000e+00  0.00000000e+00  1.00000000e+00]] 

error twist V_b: [-1.32051467e-05 -3.12805411e-04 -2.98967825e-05 -9.40902259e-05
 -1.14576264e-04 -1.61938238e-05] 

angular error magnitude ||omega_b||: 0.00031450821683766937 

linear error magnitude ||v_b||: 0.000149140640712601 


Iteration 4 :

joint vector: [-3.69699626  0.9819044   4.54355075 -2.38386256  0.55540352  1.57079642] 

SE(3) end-effector config: [[ 2.63364144e-08  1.00000000e+00 -8.34852087e-08 -5.00000006e-01]
 [ 3.89368500e-08 -8.34852098e-08 -1.00000000e+00  9.99999771e-02]
 [-1.00000000e+00  2.63364111e-08 -3.89368521e-08  9.99999887e-02]
 [ 0.00000000e+00  0.00000000e+00  0.00000000e+00  1.00000000e+00]] 

error twist V_b: [-8.34852092e-08 -3.89368510e-08 -2.63364128e-08 -1.12819306e-08
  6.13509302e-09 -2.28854895e-08] 

angular error magnitude ||omega_b||: 9.580952544602091e-08 

linear error magnitude ||v_b||: 2.6242464703924987e-08 